[ 1, 2, 3, 4, 5, 6, 7, 8, 9, 10, 11, 12, 13, 14, 15, 16, 17, 18, 19, 20, 21 ]
[ 1 .. 22 ]
[ 1, 2, 3, 4, 5, 6, 7, 8, 9, 10, 11, 12, 13, 14, 15, 16, 17, 18, 19, 21 ]
[ 1, 2, 3, 4, 5, 6, 7, 8, 9, 10, 11, 12, 13, 14, 15, 16, 17, 18, 19, 22 ]
[ 1, 2, 3, 4, 5, 6, 7, 8, 9, 10, 11, 12, 13, 14, 15, 16, 17, 19, 21 ]
[ 1, 2, 3, 4, 5, 6, 7, 8, 9, 10, 11, 12, 13, 14, 15, 16, 17, 19, 22 ]
[ 1, 2, 3, 4, 5, 6, 7, 8, 9, 10, 11, 12, 13, 14, 15, 17, 19, 21 ]
[ 1, 2, 3, 4, 5, 6, 7, 8, 9, 10, 11, 12, 13, 14, 15, 17, 19, 22 ]
[ 1, 2, 3, 4, 5, 6, 7, 8, 9, 10, 11, 12, 13, 14, 15, 17, 20, 22 ]
[ 1, 2, 3, 4, 5, 6, 7, 8, 9, 10, 11, 12, 13, 15, 17, 19, 21 ]
[ 1, 2, 3, 4, 5, 6, 7, 8, 9, 10, 11, 12, 13, 15, 17, 19, 22 ]
[ 1, 2, 3, 4, 5, 6, 7, 8, 9, 10, 11, 12, 13, 15, 17, 20, 22 ]
[ 1, 2, 3, 4, 5, 6, 7, 8, 9, 10, 11, 13, 15, 17, 19, 21 ]
[ 1, 2, 3, 4, 5, 6, 7, 8, 9, 10, 11, 13, 15, 17, 19, 22 ]
[ 1, 2, 3, 4, 5, 6, 7, 8, 9, 10, 11, 13, 15, 17, 20, 22 ]
[ 1, 2, 3, 4, 5, 6, 7, 8, 9, 10, 11, 13, 15, 18, 20, 22 ]
[ 1, 2, 3, 4, 5, 6, 7, 8, 9, 11, 13, 15, 17, 19, 21 ]
[ 1, 2, 3, 4, 5, 6, 7, 8, 9, 11, 13, 15, 17, 19, 22 ]
[ 1, 2, 3, 4, 5, 6, 7, 8, 9, 11, 13, 15, 17, 20, 22 ]
[ 1, 2, 3, 4, 5, 6, 7, 8, 9, 11, 13, 15, 18, 20, 22 ]
[ 1, 2, 3, 4, 5, 6, 7, 9, 11, 13, 15, 17, 19, 21 ]
[ 1, 2, 3, 4, 5, 6, 7, 9, 11, 13, 15, 17, 19, 22 ]
[ 1, 2, 3, 4, 5, 6, 7, 9, 11, 13, 15, 17, 20, 22 ]
[ 1, 2, 3, 4, 5, 6, 7, 9, 11, 13, 15, 18, 20, 22 ]
[ 1, 2, 3, 4, 5, 6, 7, 9, 11, 13, 16, 18, 20, 22 ]
[ 1, 2, 3, 4, 5, 7, 9, 11, 13, 15, 17, 19, 21 ]
[ 1, 2, 3, 4, 5, 7, 9, 11, 13, 15, 17, 19, 22 ]
[ 1, 2, 3, 4, 5, 7, 9, 11, 13, 15, 17, 20, 22 ]
[ 1, 2, 3, 4, 5, 7, 9, 11, 13, 15, 18, 20, 22 ]
[ 1, 2, 3, 4, 5, 7, 9, 11, 13, 16, 18, 20, 22 ]
[ 1, 2, 3, 5, 7, 9, 11, 13, 15, 17, 19, 21 ]
[ 1, 2, 3, 5, 7, 9, 11, 13, 15, 17, 19, 22 ]
[ 1, 2, 3, 5, 7, 9, 11, 13, 15, 17, 20, 22 ]
[ 1, 2, 3, 5, 7, 9, 11, 13, 15, 18, 20, 22 ]
[ 1, 2, 3, 5, 7, 9, 11, 13, 16, 18, 20, 22 ]
[ 1, 2, 3, 5, 7, 9, 11, 14, 16, 18, 20, 22 ]
[ 1, 3, 5, 7, 9, 11, 13, 15, 17, 19, 22 ]
[ 1, 3, 5, 7, 9, 11, 13, 15, 17, 20, 22 ]
[ 1, 3, 5, 7, 9, 11, 13, 15, 18, 20, 22 ]
[ 1, 3, 5, 7, 9, 11, 13, 16, 18, 20, 22 ]
[ 1, 3, 5, 7, 9, 11, 14, 16, 18, 20, 22 ]
