[ 1, 2, 3, 4, 5, 6, 7, 8, 9, 10 ]
[ 1, 2, 3, 4, 5, 6, 7, 8, 9, 10, 11 ]
[ 1 .. 12 ]
[ 1, 2, 3, 4, 5, 6, 7, 8, 10 ]
[ 1, 2, 3, 4, 5, 6, 7, 8, 10, 11 ]
[ 1, 2, 3, 4, 5, 6, 7, 8, 10, 12 ]
[ 1, 2, 3, 4, 5, 6, 7, 8, 12 ]
[ 1, 2, 3, 4, 5, 6, 7, 10 ]
[ 1, 2, 3, 4, 5, 6, 7, 11 ]
[ 1, 2, 3, 4, 5, 7, 8, 10 ]
[ 1, 2, 3, 4, 5, 7, 8, 10, 11 ]
[ 1, 2, 3, 4, 5, 7, 8, 10, 12 ]
[ 1, 2, 3, 4, 5, 7, 8, 12 ]
[ 1, 2, 3, 4, 5, 7, 9, 10 ]
[ 1, 2, 3, 4, 5, 7, 9, 11 ]
[ 1, 2, 3, 4, 5, 7, 9, 11, 12 ]
[ 1, 2, 3, 4, 5, 7, 10 ]
[ 1, 2, 3, 4, 5, 7, 11 ]
[ 1, 2, 3, 4, 5, 7, 12 ]
[ 1, 2, 3, 4, 7, 10 ]
[ 1, 2, 3, 4, 7, 11 ]
[ 1, 2, 3, 4, 7, 11, 12 ]
[ 1, 2, 3, 4, 8, 12 ]
[ 1, 2, 4, 5, 7, 8, 10, 12 ]
[ 1, 2, 4, 5, 7, 8, 12 ]
[ 1, 2, 4, 5, 7, 9, 10 ]
[ 1, 2, 4, 5, 7, 9, 10, 12 ]
[ 1, 2, 4, 5, 7, 9, 11 ]
[ 1, 2, 4, 5, 7, 9, 11, 12 ]
[ 1, 2, 4, 5, 7, 9, 12 ]
[ 1, 2, 4, 5, 7, 12 ]
[ 1, 2, 4, 5, 9, 12 ]
[ 1, 2, 4, 6, 7, 10 ]
[ 1, 2, 4, 6, 8, 12 ]
[ 1, 2, 4, 7, 11, 12 ]
[ 1, 2, 4, 7, 12 ]
[ 1, 2, 4, 8, 12 ]
[ 1, 2, 4, 9, 12 ]
[ 1, 2, 5, 6, 7, 9, 10 ]
[ 1, 2, 5, 7, 9, 10 ]
[ 1, 2, 6, 9, 12 ]
[ 1, 4, 8, 12 ]
