[ 1, 2, 3, 4, 5, 6, 7, 8, 9, 10, 11, 12, 13 ]
[ 1, 2, 3, 4, 5, 6, 7, 8, 9, 10, 11, 12, 13, 14 ]
[ 1, 2, 3, 4, 5, 6, 7, 8, 9, 10, 11, 12, 13, 14, 15 ]
[ 1, 2, 3, 4, 5, 6, 7, 8, 9, 10, 11, 12, 13, 14, 15, 16 ]
[ 1, 2, 3, 4, 5, 6, 7, 8, 9, 10, 11, 13 ]
[ 1, 2, 3, 4, 5, 6, 7, 8, 9, 10, 11, 13, 14 ]
[ 1, 2, 3, 4, 5, 6, 7, 8, 9, 10, 11, 13, 14, 15 ]
[ 1, 2, 3, 4, 5, 6, 7, 8, 9, 10, 11, 13, 14, 16 ]
[ 1, 2, 3, 4, 5, 6, 7, 8, 9, 10, 11, 13, 16 ]
[ 1, 2, 3, 4, 5, 6, 7, 8, 9, 10, 11, 16 ]
[ 1, 2, 3, 4, 5, 6, 7, 8, 9, 10, 13 ]
[ 1, 2, 3, 4, 5, 6, 7, 8, 9, 10, 13, 14 ]
[ 1, 2, 3, 4, 5, 6, 7, 8, 9, 10, 13, 15 ]
[ 1, 2, 3, 4, 5, 6, 7, 8, 9, 11, 14 ]
[ 1, 2, 3, 4, 5, 6, 7, 8, 9, 11, 14, 16 ]
[ 1, 2, 3, 4, 5, 6, 7, 8, 9, 13 ]
[ 1, 2, 3, 4, 5, 6, 7, 8, 9, 14 ]
[ 1, 2, 3, 4, 5, 6, 7, 9, 10, 11, 13 ]
[ 1, 2, 3, 4, 5, 6, 7, 9, 10, 11, 13, 14 ]
[ 1, 2, 3, 4, 5, 6, 7, 9, 10, 11, 13, 14, 15 ]
[ 1, 2, 3, 4, 5, 6, 7, 9, 10, 11, 13, 14, 16 ]
[ 1, 2, 3, 4, 5, 6, 7, 9, 10, 11, 13, 16 ]
[ 1, 2, 3, 4, 5, 6, 7, 9, 10, 11, 16 ]
[ 1, 2, 3, 4, 5, 6, 7, 9, 10, 12, 13 ]
[ 1, 2, 3, 4, 5, 6, 7, 9, 10, 12, 13, 14 ]
[ 1, 2, 3, 4, 5, 6, 7, 9, 10, 12, 13, 15, 16 ]
[ 1, 2, 3, 4, 5, 6, 7, 9, 10, 12, 15, 16 ]
[ 1, 2, 3, 4, 5, 6, 7, 9, 10, 13 ]
[ 1, 2, 3, 4, 5, 6, 7, 9, 10, 13, 14 ]
[ 1, 2, 3, 4, 5, 6, 7, 9, 10, 13, 15 ]
[ 1, 2, 3, 4, 5, 6, 7, 9, 10, 13, 16 ]
[ 1, 2, 3, 4, 5, 6, 7, 9, 10, 16 ]
[ 1, 2, 3, 4, 5, 6, 7, 9, 11, 12, 13, 14 ]
[ 1, 2, 3, 4, 5, 6, 7, 9, 11, 12, 14 ]
[ 1, 2, 3, 4, 5, 6, 7, 9, 11, 14 ]
[ 1, 2, 3, 4, 5, 6, 7, 9, 11, 14, 16 ]
[ 1, 2, 3, 4, 5, 6, 7, 9, 12, 13 ]
[ 1, 2, 3, 4, 5, 6, 7, 9, 12, 13, 16 ]
[ 1, 2, 3, 4, 5, 6, 7, 9, 12, 14, 16 ]
[ 1, 2, 3, 4, 5, 6, 7, 9, 12, 16 ]
[ 1, 2, 3, 4, 5, 6, 7, 9, 13 ]
[ 1, 2, 3, 4, 5, 6, 7, 9, 14 ]
[ 1, 2, 3, 4, 5, 6, 7, 9, 16 ]
[ 1, 2, 3, 4, 5, 6, 8, 9, 11, 14 ]
[ 1, 2, 3, 4, 5, 6, 9, 10, 13 ]
[ 1, 2, 3, 4, 5, 6, 9, 10, 13, 14 ]
[ 1, 2, 3, 4, 5, 6, 9, 10, 13, 15 ]
[ 1, 2, 3, 4, 5, 6, 9, 10, 15 ]
[ 1, 2, 3, 4, 5, 6, 9, 10, 15, 16 ]
[ 1, 2, 3, 4, 5, 6, 9, 11, 13 ]
[ 1, 2, 3, 4, 5, 6, 9, 11, 13, 16 ]
[ 1, 2, 3, 4, 5, 6, 9, 11, 14 ]
[ 1, 2, 3, 4, 5, 6, 9, 11, 14, 15 ]
[ 1, 2, 3, 4, 5, 6, 9, 11, 14, 16 ]
[ 1, 2, 3, 4, 5, 6, 9, 11, 16 ]
[ 1, 2, 3, 4, 5, 6, 9, 13 ]
[ 1, 2, 3, 4, 5, 6, 9, 14 ]
[ 1, 2, 3, 4, 5, 6, 9, 15 ]
[ 1, 2, 3, 4, 5, 6, 9, 15, 16 ]
[ 1, 2, 3, 4, 5, 6, 11, 16 ]
[ 1, 2, 3, 4, 5, 9, 13 ]
[ 1, 2, 3, 4, 5, 9, 14 ]
[ 1, 2, 3, 4, 5, 9, 14, 15 ]
[ 1, 2, 3, 4, 5, 9, 14, 15, 16 ]
[ 1, 2, 3, 4, 5, 10, 15 ]
[ 1, 2, 3, 5, 6, 7, 9, 10, 11, 13, 14, 16 ]
[ 1, 2, 3, 5, 6, 7, 9, 10, 11, 13, 16 ]
[ 1, 2, 3, 5, 6, 7, 9, 10, 11, 16 ]
[ 1, 2, 3, 5, 6, 7, 9, 10, 12, 13, 15, 16 ]
[ 1, 2, 3, 5, 6, 7, 9, 10, 13, 16 ]
[ 1, 2, 3, 5, 6, 7, 9, 10, 16 ]
[ 1, 2, 3, 5, 6, 7, 9, 11, 12, 13, 14 ]
[ 1, 2, 3, 5, 6, 7, 9, 11, 12, 14 ]
[ 1, 2, 3, 5, 6, 7, 9, 11, 12, 14, 16 ]
[ 1, 2, 3, 5, 6, 7, 9, 11, 14, 16 ]
[ 1, 2, 3, 5, 6, 7, 9, 12, 13 ]
[ 1, 2, 3, 5, 6, 7, 9, 12, 13, 16 ]
[ 1, 2, 3, 5, 6, 7, 9, 12, 14, 16 ]
[ 1, 2, 3, 5, 6, 7, 9, 12, 16 ]
[ 1, 2, 3, 5, 6, 7, 9, 16 ]
[ 1, 2, 3, 5, 6, 7, 12, 16 ]
[ 1, 2, 3, 5, 6, 8, 9, 10, 11, 13 ]
[ 1, 2, 3, 5, 6, 8, 9, 10, 11, 13, 14 ]
[ 1, 2, 3, 5, 6, 8, 9, 10, 11, 13, 14, 16 ]
[ 1, 2, 3, 5, 6, 8, 9, 10, 11, 13, 16 ]
[ 1, 2, 3, 5, 6, 8, 9, 10, 11, 16 ]
[ 1, 2, 3, 5, 6, 8, 9, 10, 13 ]
[ 1, 2, 3, 5, 6, 8, 9, 10, 13, 14 ]
[ 1, 2, 3, 5, 6, 8, 9, 10, 13, 15, 16 ]
[ 1, 2, 3, 5, 6, 8, 9, 10, 15, 16 ]
[ 1, 2, 3, 5, 6, 8, 9, 11, 12, 13 ]
[ 1, 2, 3, 5, 6, 8, 9, 11, 12, 14 ]
[ 1, 2, 3, 5, 6, 8, 9, 11, 12, 14, 15 ]
[ 1, 2, 3, 5, 6, 8, 9, 11, 12, 14, 15, 16 ]
[ 1, 2, 3, 5, 6, 8, 9, 11, 13 ]
[ 1, 2, 3, 5, 6, 8, 9, 11, 13, 14 ]
[ 1, 2, 3, 5, 6, 8, 9, 11, 13, 15 ]
[ 1, 2, 3, 5, 6, 8, 9, 11, 13, 16 ]
[ 1, 2, 3, 5, 6, 8, 9, 11, 14 ]
[ 1, 2, 3, 5, 6, 8, 9, 11, 14, 15 ]
[ 1, 2, 3, 5, 6, 8, 9, 11, 14, 16 ]
[ 1, 2, 3, 5, 6, 8, 9, 11, 15 ]
[ 1, 2, 3, 5, 6, 8, 9, 11, 15, 16 ]
[ 1, 2, 3, 5, 6, 8, 9, 11, 16 ]
[ 1, 2, 3, 5, 6, 8, 9, 13 ]
[ 1, 2, 3, 5, 6, 8, 9, 14 ]
[ 1, 2, 3, 5, 6, 8, 9, 15, 16 ]
[ 1, 2, 3, 5, 6, 8, 11, 13 ]
[ 1, 2, 3, 5, 6, 8, 11, 13, 14 ]
[ 1, 2, 3, 5, 6, 8, 11, 16 ]
[ 1, 2, 3, 5, 6, 9, 10, 13, 16 ]
[ 1, 2, 3, 5, 6, 9, 10, 15, 16 ]
[ 1, 2, 3, 5, 6, 9, 10, 16 ]
[ 1, 2, 3, 5, 6, 9, 11, 13, 16 ]
[ 1, 2, 3, 5, 6, 9, 11, 14, 16 ]
[ 1, 2, 3, 5, 6, 9, 11, 16 ]
[ 1, 2, 3, 5, 6, 9, 12, 13 ]
[ 1, 2, 3, 5, 6, 9, 12, 13, 16 ]
[ 1, 2, 3, 5, 6, 9, 12, 14, 16 ]
[ 1, 2, 3, 5, 6, 9, 12, 15 ]
[ 1, 2, 3, 5, 6, 9, 12, 15, 16 ]
[ 1, 2, 3, 5, 6, 9, 12, 16 ]
[ 1, 2, 3, 5, 6, 9, 15, 16 ]
[ 1, 2, 3, 5, 6, 9, 16 ]
[ 1, 2, 3, 5, 6, 11, 12, 16 ]
[ 1, 2, 3, 5, 6, 11, 16 ]
[ 1, 2, 3, 5, 6, 12, 16 ]
[ 1, 2, 3, 5, 8, 9, 12, 13 ]
[ 1, 2, 3, 5, 8, 9, 12, 13, 16 ]
[ 1, 2, 3, 5, 8, 9, 12, 14, 15 ]
[ 1, 2, 3, 5, 8, 9, 12, 14, 15, 16 ]
[ 1, 2, 3, 5, 8, 9, 12, 16 ]
[ 1, 2, 3, 5, 8, 9, 13 ]
[ 1, 2, 3, 5, 8, 9, 16 ]
[ 1, 2, 3, 5, 8, 10, 12, 15, 16 ]
[ 1, 2, 3, 5, 8, 12, 16 ]
[ 1, 2, 3, 5, 9, 14, 15, 16 ]
[ 1, 2, 3, 5, 9, 14, 16 ]
[ 1, 2, 3, 5, 9, 16 ]
[ 1, 2, 3, 5, 10, 16 ]
[ 1, 2, 3, 5, 12, 16 ]
[ 1, 2, 3, 6, 7, 8, 9, 12, 13 ]
[ 1, 2, 3, 6, 7, 9, 12, 13 ]
[ 1, 2, 3, 6, 8, 9, 12, 13 ]
[ 1, 2, 3, 6, 8, 9, 12, 15 ]
[ 1, 2, 3, 6, 8, 9, 15 ]
[ 1, 2, 3, 6, 8, 9, 16 ]
[ 1, 2, 3, 6, 9, 12, 13 ]
[ 1, 2, 3, 8, 12, 16 ]
[ 1, 2, 4, 5, 6, 8, 9, 11, 14 ]
[ 1, 2, 4, 5, 6, 9, 11, 14 ]
[ 1, 2, 5, 6, 9, 10, 15, 16 ]
[ 1, 2, 5, 6, 9, 11, 13, 16 ]
[ 1, 2, 5, 6, 9, 11, 14, 16 ]
[ 1, 2, 5, 6, 9, 11, 15, 16 ]
[ 1, 2, 5, 6, 9, 11, 16 ]
[ 1, 2, 5, 6, 9, 15, 16 ]
[ 1, 2, 5, 6, 11, 12, 15 ]
[ 1, 2, 5, 6, 11, 12, 15, 16 ]
[ 1, 2, 5, 6, 11, 16 ]
[ 1, 2, 5, 7, 9, 12, 13 ]
[ 1, 2, 5, 7, 9, 16 ]
[ 1, 2, 5, 7, 10, 11, 16 ]
[ 1, 2, 5, 7, 10, 12, 15, 16 ]
[ 1, 2, 5, 7, 12, 16 ]
[ 1, 2, 5, 9, 15, 16 ]
[ 1, 2, 5, 10, 15, 16 ]
[ 1, 2, 5, 11, 12, 15 ]
[ 1, 2, 5, 11, 16 ]
[ 1, 2, 6, 7, 9, 11, 13, 16 ]
[ 1, 2, 6, 7, 9, 12, 13 ]
[ 1, 2, 6, 7, 9, 16 ]
[ 1, 2, 6, 7, 11, 12, 13 ]
[ 1, 2, 6, 9, 11, 13, 16 ]
[ 1, 2, 7, 11, 16 ]
[ 1, 3, 4, 5, 6, 9, 10, 14, 15 ]
[ 1, 3, 4, 5, 6, 9, 10, 15 ]
[ 1, 3, 4, 5, 6, 10, 11, 14 ]
[ 1, 6, 11, 16 ]
