[ 1, 2, 3, 4, 5, 6, 7, 8, 9, 10, 11, 12, 13 ]
[ 1, 2, 3, 4, 5, 6, 7, 8, 9, 10, 11, 12, 13, 14 ]
[ 1 .. 15 ]
[ 1, 2, 3, 4, 5, 6, 7, 8, 9, 10, 11, 13 ]
[ 1, 2, 3, 4, 5, 6, 7, 8, 9, 10, 11, 13, 14 ]
[ 1, 2, 3, 4, 5, 6, 7, 8, 9, 10, 11, 13, 15 ]
[ 1, 2, 3, 4, 5, 6, 7, 8, 9, 10, 11, 15 ]
[ 1, 2, 3, 4, 5, 6, 7, 8, 9, 10, 13 ]
[ 1, 2, 3, 4, 5, 6, 7, 8, 9, 10, 14 ]
[ 1, 2, 3, 4, 5, 6, 7, 8, 10, 11, 13 ]
[ 1, 2, 3, 4, 5, 6, 7, 8, 10, 11, 13, 14 ]
[ 1, 2, 3, 4, 5, 6, 7, 8, 10, 11, 13, 15 ]
[ 1, 2, 3, 4, 5, 6, 7, 8, 10, 11, 15 ]
[ 1, 2, 3, 4, 5, 6, 7, 8, 10, 12, 13 ]
[ 1, 2, 3, 4, 5, 6, 7, 8, 10, 12, 14, 15 ]
[ 1, 2, 3, 4, 5, 6, 7, 8, 10, 13 ]
[ 1, 2, 3, 4, 5, 6, 7, 8, 10, 14 ]
[ 1, 2, 3, 4, 5, 6, 7, 8, 10, 15 ]
[ 1, 2, 3, 4, 5, 6, 7, 9, 10, 11, 14 ]
[ 1, 2, 3, 4, 5, 6, 7, 10, 13 ]
[ 1, 2, 3, 4, 5, 6, 7, 10, 14 ]
[ 1, 2, 3, 4, 5, 6, 7, 10, 14, 15 ]
[ 1, 2, 3, 4, 5, 6, 7, 11, 15 ]
[ 1, 2, 3, 4, 5, 7, 8, 10, 11, 13 ]
[ 1, 2, 3, 4, 5, 7, 8, 10, 11, 13, 14 ]
[ 1, 2, 3, 4, 5, 7, 8, 10, 11, 13, 15 ]
[ 1, 2, 3, 4, 5, 7, 8, 10, 11, 15 ]
[ 1, 2, 3, 4, 5, 7, 8, 10, 12, 13 ]
[ 1, 2, 3, 4, 5, 7, 8, 10, 12, 13, 15 ]
[ 1, 2, 3, 4, 5, 7, 8, 10, 12, 14, 15 ]
[ 1, 2, 3, 4, 5, 7, 8, 10, 12, 15 ]
[ 1, 2, 3, 4, 5, 7, 8, 10, 13 ]
[ 1, 2, 3, 4, 5, 7, 8, 10, 14 ]
[ 1, 2, 3, 4, 5, 7, 8, 10, 15 ]
[ 1, 2, 3, 4, 5, 7, 8, 12, 15 ]
[ 1, 2, 3, 4, 5, 7, 9, 10, 11, 14 ]
[ 1, 2, 3, 4, 5, 7, 9, 10, 13 ]
[ 1, 2, 3, 4, 5, 7, 9, 11, 15 ]
[ 1, 2, 3, 4, 5, 7, 10, 13 ]
[ 1, 2, 3, 4, 5, 7, 10, 14 ]
[ 1, 2, 3, 4, 5, 7, 10, 14, 15 ]
[ 1, 2, 3, 4, 5, 7, 10, 15 ]
[ 1, 2, 3, 4, 5, 7, 11, 15 ]
[ 1, 2, 3, 4, 5, 7, 12, 15 ]
[ 1, 2, 3, 4, 5, 8, 9, 10, 12, 13 ]
[ 1, 2, 3, 4, 5, 8, 10, 12, 13 ]
[ 1, 2, 3, 4, 7, 10, 13 ]
[ 1, 2, 3, 4, 7, 10, 14 ]
[ 1, 2, 3, 4, 7, 10, 14, 15 ]
[ 1, 2, 3, 4, 7, 11, 14 ]
[ 1, 2, 3, 4, 7, 11, 15 ]
[ 1, 2, 4, 5, 7, 8, 10, 11, 13, 15 ]
[ 1, 2, 4, 5, 7, 8, 10, 11, 15 ]
[ 1, 2, 4, 5, 7, 8, 10, 12, 13 ]
[ 1, 2, 4, 5, 7, 8, 10, 12, 13, 15 ]
[ 1, 2, 4, 5, 7, 8, 10, 12, 14, 15 ]
[ 1, 2, 4, 5, 7, 8, 10, 12, 15 ]
[ 1, 2, 4, 5, 7, 8, 10, 15 ]
[ 1, 2, 4, 5, 7, 8, 12, 15 ]
[ 1, 2, 4, 5, 7, 9, 10, 11, 14 ]
[ 1, 2, 4, 5, 7, 9, 10, 12, 13 ]
[ 1, 2, 4, 5, 7, 9, 10, 12, 14 ]
[ 1, 2, 4, 5, 7, 9, 10, 12, 14, 15 ]
[ 1, 2, 4, 5, 7, 9, 10, 13 ]
[ 1, 2, 4, 5, 7, 9, 10, 15 ]
[ 1, 2, 4, 5, 7, 9, 11, 12, 15 ]
[ 1, 2, 4, 5, 7, 9, 11, 15 ]
[ 1, 2, 4, 5, 7, 9, 12, 15 ]
[ 1, 2, 4, 5, 7, 10, 15 ]
[ 1, 2, 4, 5, 7, 12, 15 ]
[ 1, 2, 4, 5, 8, 9, 10, 12, 13 ]
[ 1, 2, 4, 5, 8, 10, 12, 13 ]
[ 1, 2, 4, 5, 9, 12, 15 ]
[ 1, 2, 4, 6, 7, 10, 13 ]
[ 1, 2, 4, 7, 10, 14, 15 ]
[ 1, 2, 4, 7, 10, 15 ]
[ 1, 2, 4, 7, 11, 12, 15 ]
[ 1, 2, 4, 7, 11, 15 ]
[ 1, 2, 4, 7, 12, 15 ]
[ 1, 2, 4, 8, 12, 15 ]
[ 1, 2, 4, 9, 12, 15 ]
[ 1, 2, 5, 6, 7, 8, 10, 13 ]
[ 1, 2, 5, 6, 7, 9, 10, 13 ]
[ 1, 2, 5, 6, 7, 10, 14 ]
[ 1, 2, 5, 6, 8, 10, 12, 13 ]
[ 1, 2, 5, 7, 9, 10, 13 ]
[ 1, 2, 5, 7, 9, 10, 15 ]
[ 1, 2, 6, 7, 8, 10, 14 ]
[ 1, 2, 6, 9, 12, 15 ]
[ 1, 4, 7, 11, 15 ]
[ 1, 4, 8, 11, 15 ]
