[ 1, 2, 3, 4, 5, 6, 7, 8, 9, 10, 11, 12, 13 ]
[ 1 .. 14 ]
[ 1, 2, 3, 4, 5, 6, 7, 8, 9, 10, 11, 13 ]
[ 1, 2, 3, 4, 5, 6, 7, 8, 9, 10, 11, 14 ]
[ 1, 2, 3, 4, 5, 6, 7, 8, 9, 11, 13 ]
[ 1, 2, 3, 4, 5, 6, 7, 8, 9, 11, 14 ]
[ 1, 2, 3, 4, 5, 6, 7, 9, 11, 13 ]
[ 1, 2, 3, 4, 5, 6, 7, 9, 11, 14 ]
[ 1, 2, 3, 4, 5, 6, 7, 9, 12, 14 ]
[ 1, 2, 3, 4, 5, 7, 9, 11, 13 ]
[ 1, 2, 3, 4, 5, 7, 9, 11, 14 ]
[ 1, 2, 3, 4, 5, 7, 9, 12, 14 ]
[ 1, 2, 3, 5, 7, 9, 11, 13 ]
[ 1, 2, 3, 5, 7, 9, 11, 14 ]
[ 1, 2, 3, 5, 7, 9, 12, 14 ]
[ 1, 2, 3, 5, 7, 10, 12, 14 ]
[ 1, 3, 5, 7, 9, 11, 14 ]
[ 1, 3, 5, 7, 9, 12, 14 ]
[ 1, 3, 5, 7, 10, 12, 14 ]
